21,5
2,4
34,4
4294967294,46
4294967279,408
4294967278,373
4294967279,433
4294967278,372
35,2
25,5
35,5
33,22
33,0
4294967278,18
4294967278,17
4294967278,16
4294967278,15
4294967278,14
4294967278,13
4294967278,12
4294967278,11
4294967278,10
4294967278,9
4294967278,8
4294967278,7
4294967278,6
4294967278,5
4294967278,4
4294967279,132
4294967279,131
4294967279,130
4294967279,129
4294967279,128
4294967279,127
4294967279,126
4294967279,125
4294967279,124
4294967279,123
4294967279,122
4294967279,121
4294967279,120
4294967279,119
4294967279,118
4294967279,117
4294967279,116
4294967279,115
4294967279,114
4294967279,113
4294967279,112
4294967279,111
4294967279,110
4294967279,109
4294967279,108
4294967279,107
4294967279,106
4294967279,105
4294967279,104
4294967279,103
4294967279,102
4294967278,208
4294967278,207
4294967278,206
4294967278,205
4294967278,204
4294967278,203
4294967278,201
4294967278,200
33,21
4294967278,199
4294967278,198
4294967278,196
4294967278,195
4294967278,194
4294967278,193
4294967278,192
4294967278,191
4294967278,190
4294967278,189
4294967278,188
4294967278,187
4294967278,186
4294967278,184
4294967278,183
4294967278,182
4294967278,181
4294967278,180
4294967278,179
4294967278,178
4294967278,177
4294967278,176
33,20
4294967278,353
4294967278,164
33,19
33,18
4294967279,257
4294967278,346
33,17
4294967278,227
4294967279,227
4294967278,341
4294967279,406
33,16
33,15
4294967278,299
4294967278,175
4294967278,173
4294967278,172
4294967278,171
4294967278,170
4294967278,169
4294967278,168
4294967278,167
4294967278,166
4294967278,328
4294967279,300
33,14
4294967278,162
4294967278,161
33,13
4294967278,371
4294967279,286
4294967278,256
4294967279,409
33,12
4294967278,247
4294967279,231
4294967278,229
33,11
4294967278,344
4294967278,311
4294967279,405
33,10
4294967278,305
4294967278,339
4294967279,432
33,9
4294967279,431
4294967278,296
4294967279,302
4294967278,370
4294967279,430
33,8
4294967278,294
4294967279,399
4294967278,160
4294967279,297
4294967278,369
4294967278,327
4294967279,401
4294967278,153
4294967278,334
4294967279,296
4294967278,289
4294967279,429
4294967294,50
4294967279,428
4294967278,368
4294967279,293
4294967278,331
4294967279,414
4294967278,329
4294967279,138
4294967279,277
4294967278,275
4294967279,134
4294967278,274
4294967294,926
4294967294,27
4294967294,12
4294967294,126
4294967279,292
4294967278,284
4294967279,394
4294967278,279
4294967279,412
4294967278,349
4294967279,285
31,2
4294967278,326
4294967279,427
4294967294,127
4294967278,37
4294967278,36
4294967278,35
4294967278,34
4294967278,33
4294967278,32
4294967278,31
4294967278,30
4294967278,29
4294967278,28
4294967278,27
4294967278,26
4294967278,25
4294967278,24
4294967278,23
4294967278,22
4294967278,21
4294967278,20
4294967278,19
4294967279,24
4294967279,23
4294967279,22
4294967279,18
4294967279,17
4294967279,16
4294967279,15
4294967279,14
4294967279,13
4294967279,11
4294967278,286
4294967279,275
19,2
31,6
4294967278,348
31,4
4294967294,5
19,5
20,4
19,4
27,5
27,4
20,5
4294967294,22
31,5
19,6
25,4
35,4
4294967294,472
4294967294,25
4294967294,43
4294967294,417
4294967294,51
4294967294,52
4294967294,67
4294967279,426
4294967279,0
4294967278,367
33,7
4294967278,316
4294967279,251
33,6
33,1
33,5
4294967279,247
4294967278,245
4294967279,241
4294967278,239
4294967278,366
4294967278,0
4294967278,233
4294967279,233
33,2
4294967294,1417
4294967278,132
4294967278,131
4294967278,130
4294967278,129
4294967278,128
4294967278,127
4294967278,126
4294967278,125
4294967278,124
4294967278,123
4294967278,122
4294967278,121
4294967278,120
4294967278,119
4294967278,118
4294967278,117
4294967278,116
4294967278,115
4294967278,114
4294967278,113
4294967278,112
4294967278,111
4294967278,110
4294967278,109
4294967278,108
4294967278,106
4294967278,105
33,4
4294967294,81
4294967294,68
4294967294,11
39,8
39,0
4294967278,107
4294967278,225
4294967279,225
4294967278,104
4294967278,219
4294967279,219
39,7
4294967278,103
4294967278,102
4294967278,101
4294967278,100
4294967278,99
4294967278,98
4294967278,97
4294967278,96
4294967278,95
4294967278,94
4294967278,93
4294967278,92
4294967278,91
4294967278,90
4294967278,89
4294967278,87
4294967278,86
4294967278,85
4294967278,84
4294967278,83
4294967278,82
4294967278,81
4294967278,80
4294967278,79
4294967278,78
4294967278,77
4294967278,76
4294967278,75
4294967278,74
4294967278,73
4294967278,72
4294967278,71
4294967278,70
4294967278,69
4294967278,68
4294967278,67
4294967278,66
4294967278,65
4294967278,64
4294967278,63
4294967278,62
4294967278,61
4294967278,60
4294967278,59
4294967278,58
4294967278,57
4294967278,56
4294967278,55
4294967278,54
4294967278,53
4294967278,52
